var x1 = [76.3, 102.4,  109.7, 125, 143.8, 155.7,  171.7,  176.9, 194.8, 202.2, 221.2, 233.2, 246.2, 235, 253.7, 274.1, 276.9, 266.9, 262.6, 265.1, 261.7, 247.3, 238.4, 204.6, 231.5, 266, 214.4, 184.2, 136.2, 110.9, 94.3, 109.7, 87.1, 66.2, 59.8, 80, 68.9, 74, 88.5];
var y1 = [59.4, 70.3, 95.5, 66.7, 39.1, 53.9, 38.2, 51.6, 42, 53.5, 65.4, 63, 79.5, 100.1, 119.1, 130.2, 154.5, 169.1, 187.7, 198.7, 206.5, 211.1, 236.3, 231.1, 255.9, 268.6, 265, 271.5, 256.8, 267.9, 248.6, 232, 210.4, 171.3, 151.7, 129, 116.5, 99.6, 112.3];
var x2 = [50,  64,  85,  40,  47,  80,  68,  93,  113,  108,  127,  110,  127,  124,  127,  160,  169,  139,  176,  157,  203,  151,  148,  153,  163,  196,  221,  175,  235,  219,  199,  250,  221,  196,  248,  238,  269];
var y2 = [55, 47, 52, 71, 81, 74, 102, 114, 77, 116, 96, 132, 118, 130, 152, 137, 115, 160, 139, 166, 160, 181, 194, 207, 210, 184, 175, 223, 204, 226, 236, 220, 246, 253, 246, 278, 262];
var x3 = [36.2, 26.2, 46, 16, 36,  60, 49, 69, 43, 980, 79, 103, 118, 120, 141, 131, 121, 156, 165, 148, 147, 173, 182, 194, 176, 189, 203, 225, 200, 228, 240, 250, 263, 280, 265, 253, 292, 289, 297];
var y3 = [121.5, 130, 157, 172, 184, 178, 215, 207.5, 226, 193, 254, 236, 250.5, 226.5, 215.5, 232.5, 197.5, 164, 189, 175.5, 152.5, 139, 157, 168.5, 146.5, 113, 122, 128, 138, 93.5, 106.5, 119.5, 97.5, 118, 139.5, 153, 157.5, 159, 172, 183];



function setup() {
  createCanvas(320, 320);
}

function draw() {
  strokeWeight(.5);
  background(210);
  //new color
  noFill();
  for (var i = 0; i < x1.length; i++) {
    ellipse (x1[i], y1[i], 6, 6);
  }

  for (var i = 0; i < x2.length; i++) {
    ellipse(x2[i], y2[i], 3.5, 3.5);

  }

  for (var i = 0; i < x3.length; i++) {
    ellipse(x3[i], y3[i], 10, 10);
  }
}
