function setup() {
  createCanvas(320, 320);
}

function draw() {
  background(220);
  fill(0);
  ellipse(76.3, 59.4, 3, 3);
  ellipse(102.4, 70.3, 3, 3);
  ellipse(109.7, 95.5, 3, 3);
  ellipse(125, 66.7, 3, 3);
  ellipse(143.8, 39.1, 3, 3);
  ellipse(155.7, 53.9, 3, 3);
  ellipse(171.7, 38.2, 3, 3);
  ellipse(176.9, 51.6, 3, 3);
  ellipse(194.8, 42, 3, 3);
  ellipse(202.2, 53.5, 3, 3);
  ellipse(221.2, 65.4, 3, 3);
  ellipse(233.2, 63, 3, 3);
  ellipse(246.2, 79.5, 3, 3);
  ellipse(235, 100.1, 3, 3);
  ellipse(253.7, 119.1, 3, 3);
  ellipse(274.1, 130.2, 3, 3);
  ellipse(276.9, 154.5, 3, 3);
  ellipse(266.9, 169.1, 3, 3);
  ellipse(262.6, 187.7, 3, 3);
  ellipse(265.1, 198.7, 3, 3);
  ellipse(261.7, 206.5, 3, 3);
  ellipse(247.3, 211.1, 3, 3);
  ellipse(238.4, 236.3, 3, 3);
  ellipse(204.6, 231.1, 3, 3);
  ellipse(231.5, 255.9, 3, 3);
  ellipse(266, 268.6, 3, 3);
  ellipse(214.4, 265, 3, 3);
  ellipse(184.2, 271.5, 3, 3);
  ellipse(136.2, 256.8, 3, 3);
  ellipse(110.9, 267.9, 3, 3);
  ellipse(94.3, 248.6, 3, 3);
  ellipse(109.7, 232, 3, 3);
  ellipse(87.1, 210.4, 3, 3);
  ellipse(66.2, 171.3, 3, 3);
  ellipse(59.8, 151.7, 3, 3);
  ellipse(80, 129, 3, 3);
  ellipse(68.9, 116.5, 3, 3);
  ellipse(74, 99.6, 3, 3);
  ellipse(88.5, 112.3, 3, 3);
  rect(50, 55, 3 ,3);
  rect(64, 47, 3 ,3);
  rect(85, 52, 3 ,3);
  rect(40, 71, 3 ,3);
  rect(47, 81, 3 ,3);
  rect(80, 74, 3 ,3);
  rect(68, 102, 3 ,3);
  rect(93, 114, 3 ,3);
  rect(113, 77, 3 ,3);
  rect(108, 116, 3 ,3);
  rect(127, 96, 3 ,3);
  rect(110, 132, 3 ,3);
  rect(127, 118, 3 ,3);
  rect(124, 130, 3 ,3);
  rect(127, 152, 3 ,3);
  rect(160, 137, 3 ,3);
  rect(169, 115, 3 ,3);
  rect(139, 160, 3 ,3);
  rect(176, 139, 3 ,3);
  rect(157, 166, 3 ,3);
  rect(203, 160, 3 ,3);
  rect(151, 181, 3 ,3);
  rect(148, 194, 3 ,3);
  rect(153, 207, 3 ,3);
  rect(163, 210, 3 ,3);
  rect(196, 184, 3 ,3);
  rect(221, 175, 3 ,3);
  rect(175, 223, 3 ,3);
  rect(235, 204, 3 ,3);
  rect(219, 226, 3 ,3);
  rect(199, 236, 3 ,3);
  rect(250, 220, 3 ,3);
  rect(221, 246, 3 ,3);
  rect(196, 253, 3 ,3);
  rect(248, 246, 3 ,3);
  rect(238, 278, 3 ,3);
  rect(269, 262, 3 ,3);
  triangle(36.2, 121.5, 34.7, 124, 37.7, 124);
triangle(26.2, 130, 24.7, 132.5, 27.7, 132.5);
triangle(46, 157, 44.5, 159.5, 47.5, 159.5);
triangle(16, 172, 14.5, 174.5, 17.5, 174.5);
triangle(36, 184, 34.5, 186.5, 37.5, 186.5);
triangle(60, 178, 58.5, 180.5, 61.5, 180.5);
triangle(49, 215, 47.5, 217.5, 50.5, 217.5);
triangle(69, 207.5, 67.5, 210, 70.5, 210);
triangle(43, 226, 41.5, 228.5, 44.5, 228.5);
triangle(98, 193, 96.5, 195.5, 99.5, 195.5);
triangle(60, 254, 58.5, 256.5, 61.5, 256.5);
triangle(79, 236, 77.5, 238.5, 80.5, 238.5);
triangle(103, 250.5, 101.5, 253, 104.5, 253);
triangle(118, 226.5, 116.5, 229, 119.5, 229);
triangle(120, 215.5, 118.5, 218, 121.5, 218);
triangle(141, 232.5, 139.5, 235, 142.5, 235);
triangle(131, 197.5, 129.5, 200, 132.5, 200);
triangle(121, 164, 119.5, 166.5, 122.5, 166.5);
triangle(156, 189, 154.5, 191.5, 157.5, 191.5);
triangle(165, 175.5, 163.5, 178, 166.5, 178);
triangle(148, 152.5, 146.5, 155, 149.5, 155);
triangle(147, 139, 145.5, 141.5, 148.5, 141.5);
triangle(173, 157, 171.5, 159.5, 174.5, 159.5);
triangle(182, 168.5, 180.5, 171, 183.5, 171);
triangle(194, 146.5, 192.5, 149, 195.5, 149);
triangle(176, 113, 174.5, 115.5, 177.5, 115.5);
triangle(189, 122, 187.5, 124.5, 190.5, 124.5);
triangle(203, 128, 201.5, 130.5, 204.5, 130.5);
triangle(225, 138, 223.5, 140.5, 226.5, 140.5);
triangle(200, 93.5, 198.5, 96, 201.5, 96);
triangle(228, 106.5, 226.5, 109, 229.5, 109);
triangle(240, 119.5, 238.5, 122, 241.5, 122);
triangle(250, 97.5, 248.5, 100, 251.5, 100);
triangle(263, 118, 261.5, 120.5, 264.5, 120.5);
triangle(280, 139.5, 278.5, 142, 281.5, 142);
triangle(265, 153, 263.5, 155.5, 266.5, 155.5);
triangle(253, 157.5, 251.5, 160, 254.5, 160);
triangle(292, 159, 290.5, 161.5, 293.5, 161.5);
triangle(289, 172, 287.5, 174.5, 290.5, 174.5);
triangle(297, 183, 295.5, 185.5, 298.5, 185.5);
}
